Predicted_Score,Good_Prob,Standard_Prob,Poor_Prob
2,0.1987900973208621,0.3058993281033771,0.4953105745757608
2,0.13119252867937545,0.33290207503558783,0.5359053962850366
2,0.12451566981240933,0.31595949306154114,0.5595248371260495
2,0.08714213412359746,0.31536188542003707,0.5974959804563654
2,0.13732277766992024,0.327387031382165,0.5352901909479147
2,0.06720354037017791,0.3743476175176526,0.5584488421121695
2,0.14899479814051778,0.4250870270815818,0.4259181747779004
2,0.23796326145811586,0.3597125846464501,0.402324153895434
2,0.22034995485887973,0.3687468612173972,0.41090318392372305
2,0.17568857849076153,0.34431505861940104,0.47999636288983744
2,0.2365522704011707,0.37202948117984075,0.39141824841898853
2,0.11096778320575398,0.35031576119151064,0.5387164556027353
2,0.1526323305311102,0.3377509063236674,0.5096167631452224
2,0.14774153118893946,0.35291265975564867,0.4993458090554118
1,0.09341005130506115,0.7464692378080336,0.1601207108869053
1,0.03008303218219399,0.9091076701562558,0.06080929766155014
1,0.09338237559902764,0.8740142057584638,0.032603418642508444
2,0.15422839190777624,0.328923858193838,0.5168477498983857
2,0.15279280374959928,0.3602544992075539,0.4869526970428468
2,0.1245621523489779,0.3332440515763056,0.5421937960747165
1,0.13548585039558866,0.45603212954254685,0.40848202006186457
2,0.07510114241584773,0.3728718567340055,0.5520270008501468
2,0.09536348895809768,0.44729100332794436,0.4573455077139581
1,0.13523773397565056,0.4539459735303518,0.41081629249399776
0,0.7409996574807475,0.24267757724064376,0.016322765278608712
0,0.6544514207445888,0.3282811961714638,0.017267383083947353
0,0.6169991601683085,0.3568459194946848,0.026154920337006848
0,0.6150125382293409,0.3629367470186545,0.02205071475200467
1,0.2552424014204179,0.3936793298109956,0.3510782687685865
2,0.09252134857532396,0.34229648996470025,0.5651821614599759
1,0.18904702924699493,0.4579816263881805,0.35297134436482447
2,0.11807228522964938,0.33701734685600504,0.5449103679143457
2,0.056894820484036684,0.266105808182525,0.6769993713334382
2,0.064720359824523,0.3136569240638335,0.6216227161116435
2,0.05060171009856072,0.21860602073552043,0.7307922691659189
1,0.2008625542597216,0.7679639434948589,0.031173502245419663
1,0.20301392597197762,0.7698086930041879,0.027177381023834456
1,0.2756406170647788,0.6821687443166454,0.042190638618575624
1,0.14312777530585502,0.8026100209543715,0.054262203739773626
2,0.09132256176692564,0.34684702478716234,0.561830413445912
2,0.09071294017767254,0.3702110169054909,0.5390760429168365
2,0.07998506633858883,0.25471282744134943,0.6653021062200617
1,0.029955080952989193,0.9378860164729191,0.03215890257409165
1,0.04451573642624546,0.9325180121834385,0.02296625139031596
1,0.027369960924227252,0.9310209431884141,0.04160909588735867
1,0.027183306547259898,0.9314913582872375,0.04132533516550265
0,0.78026836806272,0.19995304704860867,0.019778584888671156
0,0.7849999093772682,0.21021695805977964,0.0047831325629521075
0,0.7537764435071473,0.23298436814331783,0.013239188349534865
0,0.8384531774218245,0.1578013591717382,0.003745463406437409
1,0.010710648981359754,0.9148767884689236,0.07441256254971668
1,0.050518638545178844,0.91905221201855,0.030429149436271015
1,0.016678906764905053,0.869721542581061,0.11359955065403382
1,0.05089437529115899,0.915784530069081,0.03332109463976002
1,0.03114498823593125,0.8180090866961844,0.15084592506788436
1,0.07748762940996261,0.8902698850010269,0.03224248558901039
1,0.07224693863654597,0.7195080205785469,0.2082450407849072
1,0.0936997093434442,0.8530434265939464,0.053256864062609405
1,0.12802306745754183,0.7886298171058083,0.08334711543664995
1,0.15373548814560578,0.8002647085519021,0.04599980330249211
1,0.07830120864729972,0.8725515429041188,0.04914724844858149
1,0.15351469317587818,0.7968692900706262,0.04961601675349572
1,0.2545467854736866,0.7108562532427332,0.034596961283580106
1,0.2660273132286052,0.7030385853853015,0.030934101386093295
1,0.268321526777169,0.6961852414840052,0.035493231738825834
1,0.14471969781800775,0.7762236837581702,0.07905661842382211
1,0.05882878485197504,0.8290602260245047,0.1121109891235203
1,0.044840043175432984,0.8278712232017651,0.12728873362280194
1,0.11322834015729344,0.757360581805567,0.12941107803713967
1,0.09184375400253941,0.7850713363210121,0.12308490967644853
0,0.7693091279640397,0.22695189714035813,0.0037389748956022793
0,0.7201383142341362,0.27236464013797307,0.007497045627890602
0,0.7854219695901546,0.21011728045700012,0.004460749952845127
0,0.7905970063523132,0.20578165166820803,0.0036213419794785965
1,0.1050090081542281,0.8694770813111584,0.025513910534613524
1,0.1277431507834061,0.8517482819740416,0.0205085672425523
1,0.04101898651895601,0.9170551583767245,0.04192585510431959
0,0.893838531239251,0.10444852702081593,0.0017129417399330009
0,0.8884389916815945,0.10988641903119839,0.0016745892872071714
0,0.8928649213715175,0.10544599159076394,0.0016890870377184975
2,0.2071847997385605,0.33983302803237797,0.4529821722290617
1,0.12349248920949232,0.4705377423387496,0.40596976845175814
2,0.17546884246809466,0.33294908042927013,0.49158207710263535
2,0.16162731096349572,0.4069212411782343,0.43145144785827005
1,0.2577838848347888,0.6320581968124921,0.11015791835271906
1,0.2578391476395832,0.6321936952311443,0.10996715712927244
1,0.061171899412253275,0.5138278065043098,0.425000294083437
1,0.4452532789489563,0.5432276554610912,0.011519065589952606
0,0.4997938109891427,0.48511131027638266,0.015094878734474607
1,0.3796488111419522,0.6026720105474971,0.01767917831055087
0,0.5095410558611161,0.48391741775057445,0.0065415263883095145
1,0.02691725872512107,0.8893393802485536,0.08374336102632539
1,0.08438305592161513,0.873588248060985,0.04202869601739985
1,0.08480819684878643,0.8832659855220197,0.031925817629193796
1,0.10510726964997051,0.8573155848918292,0.03757714545820021
0,0.7528624269102246,0.24325120790548105,0.003886365184294198
0,0.773229289472959,0.22464985546967492,0.0021208550573661514
0,0.7160531547928114,0.2798424736685559,0.004104371538632578
0,0.7299343549936669,0.26809576816431097,0.0019698768420220707
1,0.04624954983639525,0.9064023267109238,0.04734812345268103
1,0.042967095839808955,0.8824620846341403,0.07457081952605073
1,0.03892534719890727,0.9187427201260026,0.04233193267509011
1,0.03768576715396619,0.9149427322318364,0.04737150061419755
1,0.027417349196273665,0.9068888411968525,0.06569380960687372
1,0.029943349362275017,0.895933750219209,0.07412290041851613
1,0.03191134326815521,0.8860840291335598,0.08200462759828496
1,0.022519771402607167,0.8832531566373735,0.09422707196001927
0,0.8315636083918436,0.16705514437582683,0.0013812472323295405
0,0.808815614377685,0.18862901535655038,0.002555370265764548
0,0.7794061855904831,0.2190866773375278,0.0015071370719891574
0,0.8430031897663127,0.15552922905969888,0.0014675811739882814
1,0.12108111990268756,0.471265600374493,0.40765327972281956
2,0.08371830158915493,0.3615551564720865,0.5547265419387585
2,0.07514150302747394,0.3859827930103585,0.5388757039621676
2,0.0921573879767434,0.4032748181334868,0.5045677938897697
0,0.7552684182243791,0.24066230803571972,0.004069273739901147
0,0.7511310416541641,0.24470824987331527,0.004160708472520507
0,0.688669595576821,0.3058513864994054,0.0054790179237737165
0,0.6561992803583949,0.3338496318272771,0.009951087814328012
1,0.10255488528775186,0.8408068415735348,0.056638273138713384
1,0.12038858735638196,0.8383134637550544,0.04129794888856362
1,0.12328955517005054,0.7309551558436482,0.14575528898630125
1,0.05749948430991602,0.9062966651415366,0.03620385054854739
1,0.06276951943811741,0.8854940313787428,0.05173644918313987
1,0.030489975537756633,0.9365134620812189,0.03299656238102461
1,0.06369633744054781,0.902447795533638,0.033855867025813995
2,0.17994138145985306,0.40349227188460335,0.41656634665554365
2,0.14911149736090917,0.3455091472803159,0.5053793553587749
2,0.10473996600159959,0.3774923610224274,0.517767672975973
2,0.1590346526426083,0.3325181990055233,0.5084471483518683
1,0.1255250701888174,0.7755719547058938,0.09890297510528871
1,0.16830242331882397,0.700885598761849,0.13081197791932708
1,0.11999205721088163,0.7240554515162178,0.1559524912729006
0,0.5722857501095961,0.4014227679483681,0.02629148194203581
0,0.5428262900530534,0.39807603624797705,0.059097673698969594
0,0.5625234416829848,0.41363393870729714,0.023842619609718056
0,0.6318567486672664,0.35340662770641124,0.014736623626322488
1,0.03878138671803322,0.9015242343414992,0.0596943789404676
1,0.04007459289292947,0.9119523201006718,0.0479730870063988
1,0.07321973360101659,0.8983203937132228,0.028459872685760557
1,0.03577375299035169,0.926046513912603,0.0381797330970452
0,0.8290086637486318,0.1703379180438495,0.0006534182075187517
0,0.8338294306775685,0.16548107990296976,0.0006894894194618304
0,0.8299897571406601,0.16941536585406897,0.0005948770052708256
0,0.818038584775318,0.18115517014153565,0.0008062450831464075
1,0.033140973763429775,0.9069902467885197,0.059868779448050496
1,0.0384077192434168,0.9029413816028035,0.05865089915377981
1,0.06276511704399311,0.8897697763285415,0.04746510662746553
1,0.033140973763429775,0.9069902467885197,0.059868779448050496
1,0.08700361350222428,0.8439708729430436,0.06902551355473206
1,0.07554653327096601,0.7935156141572113,0.13093785257182267
1,0.047880195518624345,0.8570121302871896,0.095107674194186
1,0.3716083500524297,0.5992426538190277,0.029148996128542416
1,0.42861327238714464,0.5572106259912953,0.014176101621560033
1,0.44913232549418397,0.5425198447040113,0.008347829801804787
1,0.45817099774442915,0.5341762246817173,0.007652777573853475
1,0.040111904765001566,0.9227333111289623,0.03715478410603622
1,0.01978168111119222,0.9086516388554935,0.07156668003331441
1,0.055161119121970026,0.9189821486464762,0.025856732231553877
1,0.07269008540980858,0.9015987598348234,0.025711154755368035
2,0.24446465705493878,0.36117522782949874,0.3943601151155625
2,0.11500012678079216,0.3806071054766345,0.5043927677425734
2,0.20966425855572465,0.3708155840693734,0.41952015737490184
2,0.22135304908219638,0.3442568495425786,0.4343901013752251
2,0.1141727051814602,0.4066653481219126,0.47916194669662726
2,0.1824123848092545,0.4011446287512281,0.4164429864395174
1,0.36428102242730004,0.6194000930164412,0.01631888455625879
1,0.4300552386994489,0.5548828991050352,0.015061862195515896
0,0.5301179509268242,0.44197767368864394,0.0279043753845319
1,0.4040045845090263,0.5767476512059606,0.01924776428501304
1,0.4575439608415075,0.5321806664143746,0.01027537274411788
1,0.382285649453263,0.5732339110932165,0.04448043945352051
1,0.44946100131180167,0.5342699467017544,0.016269051986443985
1,0.35285230299310827,0.6074332804032491,0.03971441660364266
2,0.19091891160744195,0.3089016839781572,0.5001794044144008
2,0.11927093349336476,0.34911327608376463,0.5316157904228705
2,0.18662905286171164,0.29289977849524507,0.5204711686430433
2,0.15048761608718386,0.29240798383564975,0.5571044000771663
1,0.22605878609349328,0.7661437691578025,0.007797444748704203
1,0.22656831619246742,0.7650223743106513,0.008409309496881345
1,0.22929633130971533,0.7519553277434762,0.01874834094680845
1,0.40936732914182933,0.5824180163697598,0.00821465448841091
1,0.03835121421143702,0.8963519297482011,0.06529685604036174
1,0.03262466391416049,0.8462749329686026,0.12110040311723688
1,0.03835121421143702,0.8963519297482011,0.06529685604036174
1,0.0758388238022738,0.860621356946094,0.06353981925163221
0,0.7815641304442897,0.2165766907320957,0.001859178823614534
0,0.8500662135257975,0.1487175693656722,0.0012162171085302877
0,0.8329168708848727,0.16549612472199499,0.001587004393132231
0,0.8534659405852044,0.14505721723035264,0.001476842184443031
0,0.6373991455905995,0.35176372606448375,0.01083712834491675
0,0.5375652846845465,0.4498836206088928,0.012551094706560788
1,0.49224025637608076,0.49826776013393115,0.009491983489987971
0,0.5018945421844148,0.4914286357894937,0.006676822026091587
1,0.46237727995933703,0.4894281063100232,0.048194613730639914
1,0.48820318638428867,0.5051546376817011,0.006642175934010255
0,0.548764491129891,0.4437210109807461,0.007514497889362803
2,0.13460519513859406,0.4276248283335045,0.4377699765279014
1,0.16363512281547987,0.42339638291744275,0.41296849426707744
1,0.17057754966107658,0.41710806399511396,0.41231438634380946
1,0.2112910565986903,0.423376233465842,0.3653327099354676
1,0.346413358143642,0.6214781238155607,0.03210851804079735
1,0.23864174080324613,0.62380539196618,0.1375528672305737
1,0.36154964460565303,0.6050042322660107,0.03344612312833634
1,0.27667362809120216,0.6301407849984839,0.09318558691031392
1,0.0148386416430305,0.9213747331172427,0.06378662523972693
1,0.01774737055483492,0.9282125703459956,0.05404005909916952
1,0.02463917966231316,0.9273709630767183,0.047989857260968535
1,0.04055649745252449,0.9335084967358874,0.025935005811588054
1,0.028243453927832264,0.935531307484512,0.03622523858765572
1,0.03861835793392431,0.9117251818853893,0.049656460180686285
1,0.030131551836013844,0.9339975092431267,0.0358709389208593
1,0.34794256971579335,0.6122351180324404,0.03982231225176632
0,0.5061772606108995,0.450183475908921,0.04363926348017943
0,0.5581653982977874,0.42712274627226987,0.014711855429942685
1,0.43927993606091487,0.5386651609791674,0.022054902959917654
0,0.8538015819694496,0.14518698757617407,0.0010114304543763454
0,0.8165760693002291,0.18168719048655185,0.0017367402132191954
0,0.8328102384454158,0.16594940632198046,0.0012403552326036911
0,0.8190903521985023,0.1796838150229309,0.0012258327785668688
0,0.7807456722439073,0.2172617614550362,0.0019925663010565073
0,0.5148447037212742,0.47199105669147,0.013164239587255794
0,0.5615078119483332,0.43311309233330375,0.005379095718363148
0,0.4948627648907696,0.4826397464340675,0.02249748867516306
1,0.4497268275162051,0.4942556214145014,0.0560175510692936
1,0.03674289957925892,0.9315223301727099,0.03173477024803122
1,0.06391099533082438,0.9057656960363822,0.030323308632793297
1,0.040806495326721946,0.9250163131156185,0.03417719155765952
1,0.033729868928043076,0.9385145874471381,0.027755543624819037
2,0.1626719736788302,0.3635586903428981,0.4737693359782716
1,0.09364784430164513,0.6199510021784577,0.28640115351989726
2,0.17046632995874908,0.3386614503128067,0.4908722197284442
2,0.14024298009761763,0.3238544640497638,0.5359025558526186
2,0.1265178896834514,0.32181604601803726,0.5516660642985113
2,0.12964648207460822,0.24311876459268675,0.6272347533327051
2,0.11354507409372623,0.35385420052273264,0.5326007253835411
2,0.16271770680636127,0.3124820154964864,0.5248002776971523
1,0.07788937727131284,0.8845231104164246,0.03758751231226262
1,0.05293870207180292,0.8940024455669999,0.053058852361197055
1,0.0464032572683487,0.9130049160614568,0.04059182667019445
1,0.05351992710580852,0.9024814992359973,0.0439985736581942
0,0.7444950734658434,0.24050261556023594,0.015002310973920494
0,0.8021492913333096,0.19667712558044423,0.0011735830862461924
0,0.7812640526892067,0.2174886602400311,0.001247287070761977
0,0.7718438650812396,0.22684843597162027,0.0013076989471400616
1,0.36905104710688497,0.6259500596620158,0.004998893231099396
1,0.3581838009775001,0.6377138114478683,0.004102387574631563
1,0.28189426139749346,0.7113779373945032,0.006727801208003403
0,0.752411444494316,0.23458095738994372,0.013007598115740268
0,0.748169267861931,0.2437467086241772,0.00808402351389175
0,0.6538986281795061,0.32771949340530104,0.018381878415192877
0,0.7377773438344293,0.25435676474774005,0.007865891417830692
1,0.02839236886190689,0.885480178755098,0.08612745238299514
1,0.09132033762019222,0.8661207571433285,0.04255890523647929
1,0.02078226010993472,0.8786236523577882,0.1005940875322771
1,0.08239607320916874,0.8777478964171564,0.039856030373674904
0,0.7033900834531032,0.29409481818482414,0.002515098362072694
0,0.694336590337437,0.3014858001054045,0.004177609557158467
0,0.6984147303848928,0.2997882200598297,0.0017970495552774679
0,0.7041243554865239,0.2937274427547308,0.0021482017587453593
1,0.13583422283382227,0.47597708278987044,0.38818869437630715
1,0.10834032902119292,0.5449319403825681,0.34672773059623907
1,0.22456624111500414,0.4208769554227612,0.3545568034622346
1,0.17575293544643064,0.4398827962531314,0.38436426830043785
1,0.017859105615857688,0.8919807921876878,0.09016010219645453
1,0.06432142400587844,0.8824561899572566,0.053222386036864966
1,0.05997723855632511,0.9060374046566457,0.03398535678702921
1,0.06675816850007046,0.8995599037332047,0.033681927766724656
1,0.18749581614450478,0.4978641231858356,0.3146400606696597
2,0.12414846102051318,0.3873526391240359,0.4884988998554508
1,0.1672779727773065,0.5385603077197388,0.2941617195029547
2,0.214912633472817,0.3923268752971349,0.3927604912300481
1,0.2851822442683206,0.6935816725338819,0.021236083197797358
1,0.2912726103969494,0.69904933316827,0.00967805643478056
1,0.1874898745659779,0.7336762600427754,0.07883386539124682
1,0.14689665904638075,0.4806528627988344,0.3724504781547848
2,0.13107222689746942,0.32980707426008804,0.5391206988424425
2,0.09749548558635407,0.31824020257973673,0.5842643118339093
2,0.13362589856853624,0.3520822075107183,0.5142918939207455
0,0.8082382861548572,0.19010654859034382,0.0016551652547989464
1,0.48104288353672453,0.5171005579901606,0.0018565584731147177
0,0.7425014344392712,0.25550767761481874,0.001990887945909988
1,0.026166055053195567,0.8778852130255971,0.09594873192120737
1,0.03811737827358696,0.886755147869567,0.075127473856846
1,0.03490755043366035,0.8780552094738109,0.08703724009252861
1,0.08515453321664275,0.8864371910787716,0.028408275704585696
1,0.16824610963177336,0.5161202875296893,0.31563360283853736
2,0.11187691760542652,0.21780195188635643,0.670321130508217
2,0.09383327559187908,0.27100497998079337,0.6351617444273275
1,0.1573554697361336,0.7913952462327015,0.0512492840311648
1,0.0826926209884741,0.8287712979266205,0.08853608108490543
1,0.1296100145133943,0.8276939812703402,0.042696004216265564
1,0.15744178537374406,0.8033978792716543,0.039160335354601686
0,0.5518045572121694,0.4323354782475004,0.01585996454033021
1,0.4914929263740149,0.496253387069122,0.012253686556863175
1,0.48073425853217233,0.5085243809297908,0.010741360538036895
0,0.6059083859357536,0.37645597203085246,0.017635642033393937
1,0.0707542936974298,0.8984645668766341,0.030781139425936136
1,0.0904478216420708,0.8799292969696562,0.02962288138827294
1,0.10141272764878502,0.8711081944526318,0.027479077898583153
1,0.059823974484591605,0.8886395870847181,0.0515364384306903
1,0.10341702798838019,0.6664935929294726,0.23008937908214708
1,0.1673333496110627,0.4163335120222992,0.41633313836663816
1,0.22693826676143175,0.5619815177467534,0.21108021549181477
1,0.02751407084982323,0.8810306592671657,0.0914552698830111
1,0.04989312978337919,0.8768355019989659,0.07327136821765491
1,0.09343652394634226,0.7040670775557536,0.20249639849790416
1,0.057659257847415324,0.880966958125491,0.06137378402709364
1,0.06958743682735406,0.8332326066443156,0.0971799565283303
1,0.13689906838761787,0.7168848049059072,0.14621612670647494
1,0.13689906838761787,0.7168848049059072,0.14621612670647494
1,0.08107771085084713,0.8880672317099784,0.030855057439174605
1,0.023391588488812454,0.9322877754406299,0.04432063607055773
1,0.03164651436807499,0.9163864629352261,0.051967022696698825
1,0.07233133311725576,0.8913351853450654,0.036333481537678854
0,0.5732685595601269,0.4168875675836351,0.00984387285623792
1,0.45241330000220514,0.5386657915648688,0.008920908432925999
1,0.48703218889652033,0.5033461546123216,0.009621656491158126
1,0.4690812641687372,0.5218909461993896,0.009027789631873217
0,0.8236667579338502,0.17554074192616012,0.0007925001399895865
0,0.8675660062553354,0.1318354440036176,0.0005985497410469162
0,0.7594117889213509,0.23951224874652874,0.0010759623321205652
0,0.7917266235175501,0.20726150798238205,0.0010118685000679076
1,0.11706651174660115,0.650108459776287,0.23282502847711192
1,0.11422737497035113,0.6448605239264268,0.2409121011032219
1,0.08360759530532821,0.6449153948895616,0.27147700980511025
1,0.018860457745186843,0.8948584026719794,0.08628113958283376
1,0.05762589059006242,0.8860246168544696,0.05634949255546788
1,0.06040531218957177,0.9035935359976788,0.03600115181274938
1,0.05053808385684426,0.8914811358853126,0.057980780257843305
1,0.0846823334401313,0.5880107977583102,0.3273068688015586
2,0.1406469527234444,0.38234986065139226,0.4770031866251632
1,0.09352151501663293,0.5748265623428473,0.3316519226405197
1,0.10290080016846902,0.5912587024979689,0.3058404973335621
1,0.0596929659694269,0.7919497958338036,0.1483572381967695
1,0.0596929659694269,0.7919497958338036,0.1483572381967695
1,0.07665641329059332,0.7682140417370644,0.15512954497234208
1,0.07404408131398517,0.7823894756886804,0.1435664429973343
2,0.11338772356963225,0.3334614297738242,0.5531508466565436
2,0.08842944861697191,0.30862446018071554,0.6029460912023125
2,0.10303979181588331,0.3087993693049601,0.5881608388791566
2,0.13620665874913107,0.4189900114348204,0.4448033298160486
1,0.06557054075602092,0.8926817671909696,0.04174769205300934
1,0.027096314098755337,0.8416063753139338,0.1312973105873109
1,0.10469241925280094,0.8501921902612264,0.04511539048597287
1,0.12261278423751946,0.6065242132727867,0.2708630024896937
1,0.02979694483269605,0.8757075342038114,0.09449552096349251
1,0.10710776854577927,0.7217811281990874,0.17111110325513348
1,0.014915354323287177,0.8496675746368563,0.13541707103985653
1,0.06700550343955702,0.8679640748485986,0.06503042171184438
1,0.46241710210105874,0.5217149599560725,0.015867937942868757
1,0.4714110769821547,0.518067655227744,0.010521267790101249
1,0.46010376902756955,0.4910511209811189,0.04884510999131153
1,0.4714110769821547,0.518067655227744,0.010521267790101249
0,0.5320896468613325,0.45902772405514874,0.008882629083518763
0,0.5650038937892539,0.4307233750147659,0.004272731195980266
0,0.5723964733980225,0.421329455975647,0.0062740706263304065
0,0.5776326663979061,0.41581089942891863,0.006556434173175178
1,0.08746022940635251,0.5657369695900806,0.3468028010035669
2,0.08837014225413656,0.3082663345103788,0.6033635232354846
2,0.09137409685704741,0.31751967882433163,0.591106224318621
1,0.05186783218975314,0.8327488434362105,0.11538332437403624
1,0.023347914595541485,0.9430225106989458,0.03362957470551257
1,0.12234643117147656,0.7759726022737158,0.1016809665548076
1,0.12683403256250114,0.7709753109831914,0.10219065645430749
1,0.05740343146649239,0.6408524068150601,0.3017441617184475
1,0.028667589154906577,0.8044609873815615,0.1668714234635319
1,0.02039552770081787,0.735370587507102,0.24423388479208016
1,0.05269664537498225,0.6561139908064476,0.2911893638185701
1,0.42261538973943963,0.5595600009099585,0.017824609350601803
1,0.49307880058240944,0.5021863056047969,0.0047348938127935785
1,0.45862902234252295,0.5320196628191749,0.009351314838302215
1,0.3787037630681617,0.6063396459009863,0.014956591030851896
2,0.15302288449712648,0.34163949541911526,0.5053376200837583
1,0.09729632941120908,0.6027947712243552,0.2999088993644356
2,0.1356376571015248,0.3392949146621485,0.5250674282363267
2,0.12731328687243307,0.32524155217773054,0.5474451609498363
1,0.11099550668384245,0.7658953643409159,0.12310912897524154
1,0.10506468272903154,0.7757409352818316,0.11919438198913673
1,0.0818908724200908,0.7165392854829475,0.2015698420969616
1,0.1304528203850234,0.7258340539449768,0.14371312566999966
0,0.817376668049326,0.18168029668473654,0.0009430352659374327
0,0.8591831279267724,0.14003575099989404,0.0007811210733335088
0,0.8591831279267724,0.14003575099989404,0.0007811210733335088
0,0.7869938610726258,0.21170228169848318,0.001303857228890953
1,0.020689772401396123,0.8745280700353294,0.10478215756327458
1,0.05459131109661219,0.9075480866803963,0.0378606022229913
1,0.052051819375880486,0.8947984272264751,0.053149753397644384
0,0.6605192182890313,0.33827463755430576,0.0012061441566630776
0,0.7028715581453252,0.295941674129913,0.0011867677247617645
0,0.5934156273457671,0.4053649967297546,0.0012193759244782435
0,0.6263458943290595,0.37237178486148265,0.0012823208094577966
0,0.8259230430126199,0.17325295191867002,0.000824005068710058
0,0.7623227658815973,0.23645772502601659,0.0012195090923861262
0,0.8233587806257978,0.17582575878507883,0.0008154605891234073
0,0.8382927490149793,0.1609355527425715,0.0007716982424493107
1,0.03610413659035034,0.9105377396134511,0.053358123796198725
1,0.058866171970699675,0.8896613026071779,0.05147252542212224
1,0.11509382819894116,0.6122400462459238,0.27266612555513503
1,0.28178373231682186,0.4267039146878545,0.29151235299532385
1,0.14259354769191251,0.46254589938196317,0.3948605529261244
1,0.3126908413933525,0.3986186182508466,0.28869054035580094
1,0.04223545971489691,0.7362255185066073,0.22153902177849585
1,0.011662032886390535,0.8489735171818974,0.13936444993171207
1,0.05567355364313218,0.8914283487963804,0.05289809756048741
1,0.018036083828607982,0.9078787710804814,0.07408514509091059
1,0.21136393201321652,0.4670567649659038,0.32157930302087967
1,0.2914235254501741,0.41633353715904964,0.2922429373907763
1,0.24268434812086023,0.40454347900385346,0.3527721728752863
2,0.14114942874704642,0.3316543421578558,0.5271962290950978
2,0.14462711511519116,0.3303113963378679,0.525061488546941
2,0.15002528187002775,0.313209080440153,0.5367656376898193
2,0.10070182078340735,0.2960348500139864,0.6032633292026063
2,0.13051092480371587,0.36088444220655785,0.5086046329897262
2,0.0743173013181952,0.28869200234308984,0.6369906963387149
2,0.11544751844908997,0.44132274349195844,0.4432297380589516
1,0.235733602666439,0.4266769841215134,0.3375894132120476
1,0.235733602666439,0.4266769841215134,0.3375894132120476
0,0.8319819437952944,0.16564356076711087,0.0023744954375945564
0,0.8510288971018092,0.1471039943627067,0.0018671085354840498
0,0.8469500353185431,0.15121767854776716,0.0018322861336898535
1,0.09753619663395113,0.8577052705826075,0.04475853278344149
2,0.17672142806463773,0.3083250171286297,0.5149535548067327
2,0.1997513074700525,0.3164760803330282,0.48377261219691925
2,0.16523543740437954,0.3639252983690127,0.47083926422660777
2,0.15920108221357107,0.31828916156171616,0.5225097562247129
1,0.36985470579101803,0.6209832807780769,0.009162013430905103
1,0.33762419791346787,0.6556716428613784,0.006704159225153797
1,0.3169766203622104,0.6677726763748406,0.015250703262948877
1,0.34492622850775695,0.6483639769518613,0.006709794540381796
0,0.5678793359372377,0.40962941691502824,0.02249124714773407
0,0.6409038333281462,0.3502189981321153,0.008877168539738535
0,0.6490679910286928,0.3433563391118231,0.007575669859484125
0,0.5210159807326681,0.4440802714589054,0.03490374780842651
1,0.28832385116356585,0.70353981988534,0.00813632895109414
1,0.26122344753776755,0.7310530505997892,0.007723501862443346
1,0.2615402340579167,0.7307429843417406,0.007716781600342805
1,0.41071580422365617,0.5791767725103605,0.010107423265983368
1,0.1541282663865324,0.44842750783037133,0.3974442257830963
1,0.07729267886041546,0.7218891806510318,0.20081814048855282
1,0.12585153290972642,0.5357613842286874,0.3383870828615862
1,0.1680633999740615,0.418989475573363,0.4129471244525755
0,0.5429650257645928,0.4470311552337328,0.010003819001674363
0,0.6358987035990633,0.35472556056965643,0.009375735831280218
0,0.6511582899730992,0.34039907095624555,0.00844263907065526
0,0.6735228068553362,0.306586229702205,0.01989096344245879
0,0.7368622819822983,0.25125293594067427,0.011884782077027374
0,0.5768468982165618,0.38652943594633354,0.03662366583710462
0,0.7251797554703355,0.2626643209235775,0.012155923606086859
1,0.31337143004828183,0.655869250697364,0.030759319254354205
1,0.3120965913909784,0.6426202773034002,0.04528313130562125
1,0.32537159487733525,0.648399461303016,0.026228943819648815
2,0.07447958611949052,0.3311656514166431,0.5943547624638663
2,0.07655550862529534,0.2397803852752394,0.6836641060994653
2,0.17068721705923562,0.26747040645049736,0.561842376490267
2,0.06765557457248278,0.34260167182516493,0.5897427536023523
1,0.0403219685023729,0.9007220870039898,0.05895594449363733
1,0.07504451491313538,0.8957386425685927,0.02921684251827185
1,0.04528814039755944,0.8803371537883521,0.07437470581408843
0,0.6975906220984921,0.28978723381259186,0.012622144088916055
0,0.6380360255091316,0.3496952994382726,0.012268675052595737
1,0.47267368987956293,0.49327279112776123,0.034053518992675835
1,0.0321447977237615,0.8831335089686492,0.08472169330758929
1,0.07518433115911632,0.8614761446592025,0.0633395241816812
1,0.08597437993591314,0.8662297452929991,0.04779587477108763
1,0.060511610327590476,0.8682000476787429,0.07128834199366656
2,0.09805107566411415,0.3693338513645055,0.5326150729713802
2,0.18925159661016086,0.27930449943479063,0.5314439039550486
1,0.14916778466715241,0.44312574917754566,0.407706466155302
2,0.10567124544390964,0.24370307082580406,0.6506256837302863
1,0.08319895139342327,0.8279385196657888,0.08886252894078778
1,0.06338818355594221,0.858833364799593,0.07777845164446472
1,0.04995427161876664,0.7256364341235951,0.22440929425763823
2,0.2253758168018266,0.35139140260445273,0.4232327805937207
2,0.18782525886995113,0.40563818674446006,0.40653655438558883
2,0.22344468221576794,0.3783997674351044,0.39815555034912764
2,0.1999715245182284,0.3998683831300979,0.40016009235167366
1,0.2520278499543683,0.5361590956649516,0.21181305438068018
1,0.26666314795162777,0.5318919393793232,0.20144491266904901
1,0.2864370941001433,0.5156299547122051,0.19793295118765164
1,0.27104123914095773,0.522002284600941,0.2069564762581013
0,0.7863814159449589,0.21058520898732347,0.0030333750677176783
0,0.7795087936100703,0.21755725016236757,0.002933956227562077
0,0.8203429999736292,0.17695181810712884,0.002705181919241965
0,0.7871965913653984,0.20999300692460052,0.0028104017100008937
0,0.8705293521902402,0.12782926148559093,0.0016413863241688316
0,0.8800872093751028,0.11851043330026832,0.001402357324628855
0,0.8810577265826753,0.1171904836001386,0.0017517898171860473
0,0.8601636516110781,0.13805799361447577,0.001778354774446123
1,0.2701767038886559,0.7150676115461454,0.014755684565198757
1,0.33665914043444406,0.6382010739887352,0.025139785576820717
1,0.19667154344750282,0.7498776155205514,0.053450841031945695
1,0.3755055084706527,0.6105031473327034,0.013991344196643862
1,0.04473288221483397,0.9430555280585411,0.012211589726625036
1,0.0493932559300605,0.9262467835825355,0.024359960487403944
1,0.01008281824177162,0.9492721449206709,0.040645036837557526
1,0.013250172082950953,0.9522431170550348,0.03450671086201418
1,0.1216241906992883,0.8525110818759257,0.02586472742478589
1,0.07721838484703761,0.903194613032495,0.01958700212046744
1,0.07392928852085388,0.9039869121940993,0.022083799285046828
1,0.027181709728166234,0.6777501890679904,0.2950681012038432
1,0.049214231229409273,0.7739307566306112,0.17685501213997942
1,0.027424027592413462,0.6837921555208193,0.28878381688676724
1,0.034433286050599164,0.743734565616017,0.22183214833338377
1,0.06864779313062944,0.8632631070423675,0.06808909982700298
1,0.03349379394348022,0.7917979493077774,0.17470825674874246
1,0.035487600504909,0.7847153839633793,0.17979701553171182
1,0.04017226160336346,0.8188441225280302,0.14098361586860644
1,0.07726538329531944,0.8841862002464501,0.03854841645823048
1,0.10289999953541668,0.7492433205628944,0.1478566799016889
1,0.0557458619778883,0.8866110304504544,0.057643107571657436
1,0.09798650933302587,0.8628603956402551,0.03915309502671904
1,0.04411672216413345,0.8980137701994717,0.05786950763639471
1,0.028504667849451593,0.9097016490975649,0.061793683052983474
1,0.030193722842846014,0.9088534665868493,0.06095281057030471
1,0.05180813220276329,0.8756207449417561,0.07257112285548069
0,0.5390824368777661,0.43623262881885433,0.024684934303379563
1,0.432528680509629,0.5452269960333043,0.02224432345706668
0,0.5163383582160895,0.4648864237931229,0.018775217990787695
0,0.658115242300034,0.30935645795737315,0.03252829974259272
1,0.07092318225721185,0.554603525224351,0.37447329251843725
2,0.1379953355976412,0.28210750218213637,0.5798971622202225
2,0.09715320858577271,0.26181871257066863,0.6410280788435587
2,0.10877494198429166,0.26061575646658997,0.6306093015491184
2,0.22217003467628002,0.34615463268192515,0.43167533264179475
2,0.22491432045565327,0.35867417020931847,0.41641150933502824
1,0.10604993944604346,0.8332579685241512,0.060692092029805265
1,0.0500072119998129,0.7715956955843253,0.17839709241586174
1,0.0838934699491592,0.8433510722491968,0.07275545780164411
1,0.08673969516161475,0.8563888576405235,0.05687144719786187
0,0.5567992059836728,0.43658651137291477,0.006614282643412373
1,0.39620512651294526,0.5801141963983176,0.023680677088737116
1,0.43937345276527334,0.5555606240204235,0.005065923214303095
2,0.1018347342598029,0.3858188606361542,0.5123464051040428
2,0.07442412412889296,0.282773862994396,0.642802012876711
2,0.11072735976732305,0.3836031197529197,0.5056695204797572
2,0.13744998045069712,0.3174668117271756,0.5450832078221273
1,0.051041599762306177,0.8016086800922254,0.14734972014546838
1,0.03787404210587338,0.7543522703069128,0.20777368758721393
1,0.04782816422177226,0.8526605171311467,0.09951131864708107
1,0.08543491206482329,0.8476787041666808,0.06688638376849605
0,0.7033326873430481,0.29281652756723586,0.00385078508971612
0,0.6251677611179913,0.3700665933255302,0.004765645556478474
0,0.7718175506476302,0.22579003831805644,0.0023924110343131934
0,0.7007565470631916,0.2951248364037891,0.004118616533019218
2,0.04122104242873217,0.32113910404709056,0.6376398535241773
2,0.04654324214043303,0.28600782047645557,0.6674489373831114
2,0.04265218762068533,0.3177176164116932,0.6396301959676214
2,0.03974268641238839,0.3619013917409787,0.5983559218466329
0,0.8431515368345496,0.15576968482677386,0.0010787783386765153
0,0.8416735876108952,0.15726482858966903,0.0010615837994358342
0,0.8315083679091528,0.16770559325250675,0.0007860388383402738
0,0.8461986080171068,0.1527648592807327,0.001036532702160521
1,0.01215760603911401,0.9052917555376356,0.08255063842325046
1,0.02651322087862001,0.9311951052727095,0.04229167384867048
1,0.01707497678312187,0.9240214656754133,0.0589035575414647
1,0.023328667924910295,0.9217599369461413,0.05491139512894831
1,0.0229833719314187,0.9384426467693134,0.03857398129926783
1,0.02511220099617265,0.9393326291679606,0.03555516983586684
1,0.033635497390904524,0.948135483668441,0.018229018940654637
1,0.06551263352632308,0.8319892299996474,0.10249813647402939
1,0.202715285357212,0.48362311763684435,0.31366159700594376
1,0.18061367009506246,0.48357585457892904,0.3358104753260086
2,0.12411663603598735,0.32972316606839464,0.546160197895618
1,0.11253974108020597,0.5780851533406323,0.3093751055791618
2,0.13106409222904042,0.3228454742017472,0.5460904335692125
2,0.16962290668443242,0.33157609125398263,0.4988010020615849
2,0.10109686533914408,0.33861233612254177,0.5602907985383142
2,0.08972761341768468,0.3172938142098044,0.592978572372511
1,0.02047303567968919,0.8897264908854093,0.08980047343490137
1,0.024530750597893336,0.914426632941637,0.061042616460469754
1,0.07501707417575482,0.9036733356103963,0.021309590213849008
1,0.03778404141097737,0.9079113040949297,0.05430465449409295
2,0.1293465991848546,0.35573299249995666,0.5149204083151887
2,0.1302187713355346,0.36689269534956137,0.502888533314904
1,0.14983357455122429,0.44686824282607496,0.4032981826227008
1,0.04994106962787301,0.9071271195861892,0.04293181078593796
1,0.07150370941769779,0.9047445905710549,0.023751700011247313
1,0.12316337366096894,0.7758309030060431,0.10100572333298814
1,0.0673053860523572,0.9102977754076699,0.02239683853997287
0,0.3941956194298607,0.26566204208251076,0.34014233848762865
2,0.3617239722466831,0.24507832225993825,0.3931977054933787
2,0.18943872138531448,0.36035284047337457,0.45020843814131106
1,0.015190717212276281,0.981655992770603,0.0031532900171207046
1,0.01940876753123968,0.9771071740160928,0.003484058452667467
1,0.00822031404948022,0.9848844899420512,0.0068951960084684535
1,0.019827672628712708,0.9775054348223978,0.002666892548889424
1,0.4195887386498578,0.5591023785761721,0.021308882773970146
1,0.3976862005509368,0.5659705106316683,0.03634328881739499
0,0.533656252617116,0.4599169252065339,0.006426822176349994
0,0.46791734549746017,0.285907639157723,0.24617501534481698
0,0.5151328887159262,0.4191983936670863,0.0656687176169875
2,0.33691230839543823,0.20256214747687104,0.46052554412769076
2,0.3549448368812414,0.21592453159134062,0.429130631527418
1,0.21435460765999673,0.762957337753805,0.02268805458619824
1,0.22679014473789558,0.6974145333858207,0.07579532187628372
1,0.31872219028174525,0.6769493112498779,0.004328498468376972
0,0.5002708438367234,0.49471329583276813,0.00501586033050861
2,0.1288526379673692,0.39834852747167887,0.4727988345609518
2,0.18359596500459982,0.3567815489634445,0.4596224860319558
2,0.2909202885164817,0.27211719294184056,0.4369625185416776
2,0.3365063726456265,0.2901282931300006,0.373365334224373
0,0.8368927484302003,0.16269643726356234,0.0004108143062373841
0,0.8259936350369231,0.17360283898651094,0.0004035259765658949
0,0.8450386001900634,0.15451845350744106,0.0004429463024955103
0,0.7508568938728215,0.24810404571781197,0.0010390604093666468
2,0.1886788614991274,0.36551477668740345,0.4458063618134692
2,0.13829045824947533,0.3569244519435714,0.5047850898069532
2,0.19521391021377235,0.3564488837537645,0.4483372060324633
0,0.650155240003812,0.3459579061099076,0.0038868538862804067
0,0.6030458348957268,0.3918599591247362,0.005094205979536904
0,0.5777807431585793,0.41831435162281616,0.003904905218604444
0,0.6518247167841246,0.34380051037438514,0.00437477284149035
2,0.14031190653987016,0.24454305939531198,0.6151450340648178
2,0.09656336912143065,0.20838244885074708,0.6950541820278222
2,0.13680482314136713,0.18395265909623246,0.6792425177624004
1,0.025244284859197528,0.8783051706271378,0.0964505445136646
1,0.0456626332182594,0.8663682721239101,0.0879690946578305
1,0.05935809145541384,0.8338550410884975,0.10678686745608848
0,0.845719070145544,0.14638847936549446,0.007892450488961502
0,0.9048271336820881,0.09194330707258613,0.00322955924532577
0,0.8229643257207462,0.1662738257804699,0.010761848498783873
0,0.9059480956805369,0.09099571845598071,0.0030561858634825033
1,0.4519572700923284,0.5333813918833591,0.01466133802431245
1,0.40946430037960246,0.5697014998332088,0.02083419978718875
0,0.6007851063097883,0.38284949918268374,0.01636539450752794
1,0.40965099592324816,0.5701310596703553,0.02021794440639644
0,0.8375398510429262,0.16184370493106873,0.0006164440260051537
0,0.83242412887097,0.16694777655330983,0.0006280945757203652
0,0.8300231816390172,0.16931561978993095,0.0006611985710517891
0,0.834437364526901,0.16493400058922428,0.0006286348838748407
1,0.044800041991013034,0.8895901817371529,0.06560977627183402
1,0.05034052875305444,0.8840305594478518,0.06562891179909362
1,0.06795840861137735,0.8774774622786788,0.0545641291099439
1,0.1505333394996693,0.4313775252752226,0.41808913522510804
1,0.1531753331270717,0.43840960380292654,0.40841506307000186
2,0.17910602318958466,0.3992525009390072,0.42164147587140816
2,0.2224965676222508,0.2927547636074722,0.484748668770277
2,0.21206980614712032,0.32203844747640115,0.4658917463764785
2,0.18022363755287388,0.2796434516207312,0.5401329108263949
1,0.3775719380689999,0.6087291550443851,0.013698906886615021
1,0.49334430931511647,0.5004758336377316,0.006179857047151901
1,0.4509539932178994,0.5365932101108922,0.01245279667120839
1,0.3986782734617848,0.5874580597176141,0.013863666820601016
1,0.052901624546176064,0.8954149272976989,0.051683448156125134
1,0.0432774687125863,0.9240008478979275,0.032721683389486125
1,0.04463338631767302,0.917964706620188,0.03740190706213902
1,0.031629149450107086,0.8715628790069537,0.09680797154293921
1,0.06616404932877544,0.9189805179854681,0.014855432685756554
1,0.0555314728754006,0.9232147903976793,0.021253736726919947
1,0.05726492856513128,0.9272942920975158,0.015440779337352863
1,0.05322070870154502,0.9265447094881837,0.02023458181027136
1,0.058263385831559156,0.7954544654395469,0.14628214872889383
1,0.09298574727311432,0.8261510881676507,0.08086316455923494
